mean_inflows:[403.2, 504.0, 604.8, 705.6, 806.4, 907.2, 1008.0, 1108.8, 1209.6, 1310.4, 1411.2, 1512.0, 1612.8, 1713.6, 1800.0, 1900.8, 2001.6, 2102.4, 2203.2, 2304.0, 2404.8, 2505.6, 2606.4, 2707.2, 2808.0, 2908.8]
mean_outflows:[345.6, 417.6, 504.0, 578.88, 668.16, 740.16, 820.8, 901.4399999999999, 970.5600000000001, 1059.8400000000001, 1140.48, 1212.48, 1287.36, 1365.12, 1431.36, 1514.8799999999999, 1529.2799999999997, 1581.1200000000001, 1500.48, 1393.92, 1330.56, 1356.48, 1416.96, 1388.1599999999999, 1333.44, 1330.56]
max_outflows:[360.0, 432.0, 504.0, 590.4, 676.8, 748.8, 820.8, 907.2, 979.2, 1065.6, 1152.0, 1224.0, 1296.0, 1396.8, 1454.4, 1526.4, 1598.4, 1656.0, 1713.6, 1468.8, 1440.0, 1425.6, 1569.6, 1411.2, 1353.6, 1396.8]
min_outflows:[331.2, 403.2, 504.0, 561.6, 662.4, 734.4, 820.8, 892.8, 964.8, 1051.2, 1123.2, 1195.2, 1281.6, 1353.6, 1411.2, 1512.0, 1339.2, 1368.0, 1382.4, 1368.0, 1238.4, 1281.6, 1310.4, 1368.0, 1310.4, 1238.4]
